
1.9469201237979576 0.0000000000000000 
1.9470572360401488 0.6684183262371874 
1.9473758503106287 0.7996657548742169 
1.9474818950797250 1.6983029844889304 
1.9474999050337083 2.0553986462928697 
1.9475095973279954 2.0467090058222617 
1.9476278173842272 1.7276297213906568 
1.9472933221939588 2.0705780617521374 
1.9475867917988514 0.9208718858168099 
1.9480685196176180 0.6946825922482338 
1.9481356798049927 1.1480630440112951 
1.9496284435452917 0.4120001084068343 
1.9497398038879947 2.2126038925962952 
1.9493622302107505 2.8880874204339260 
1.9481967517578571 3.5920423275461033 
1.9466852926496339 3.9114360230228393 
1.9455563373363742 3.8486694093435911 
1.9434601963976190 4.5098777473971570 
1.9406498735529767 4.7470429518691022 
1.9381730068380292 4.3513739303201167 
1.9356635342813377 4.2368385372568236 
1.9333782974396421 4.0813897578972913 
1.9313762847003004 4.0024267746601776 
1.9286021463597014 4.3193180286029325 
1.9257156386163197 4.2059106268888984 
1.9228474039890320 3.9747142409055582 
1.9202585107230667 3.6252169625458812 
1.9182029282487112 3.2615736579732619 
1.9164519222333538 3.0651416786204293 
1.9149936081076635 2.9824676758514848 
1.9132413224878395 3.1223550222802392 
1.9115757184767916 3.1327131120852272 
1.9090776624977217 3.3849904181334920 
1.9069415306638986 3.2124535755846750 
1.9047066823908407 3.1920291579396847 
1.9022326701494126 3.1663982653960376 
1.9003635138323751 2.9396159214748123 
1.8983840294460514 2.9582705846902120 
1.8966928123111886 2.8703610050647570 
1.8945251725733954 2.9773664417700108 
1.8925568378000228 2.8821826908108106 
1.8909384821574271 2.7190105378692540 
1.8885616110373502 2.7530339921530680 
1.8867873964419177 2.4511911384589129 
1.8866388879262197 2.0822952085983215 
1.8861262055484205 2.2652900065609396 
1.8849055608815675 2.4887594852387993 
1.8833101279628581 2.5702511258505711 
1.8818678385165220 2.4959582762034875 
1.8799172669353239 2.5585649911641695 
1.8788101899058594 2.3580976048652533 
1.8782125523280384 2.2988111468752672 
1.8762359843260945 2.5286499501383872 
1.8748414375950060 2.3003137482706948 
1.8734975770889641 2.2035528558828563 
1.8734400399119631 1.9520854533219172 
1.8731155203968282 2.0660307345289004 
1.8723342559324401 2.2072926011510581 
1.8714015144844229 2.2744758338688160 
1.8700844288929996 2.3655013589114282 
1.8684326654081096 2.4039268963450806 
1.8669988977256387 2.3380531967988398 
1.8654083081121851 2.3377339449189725 
1.8643548687407225 2.2541163620614828 
1.8630064796602046 2.3184847307408831 
1.8616068919106485 2.3440956009296601 
1.8597273656918740 2.4270414781924337 
1.8584598099853291 2.3531174189686839 
1.8563316598302160 2.4902398887288033 
1.8542350627158699 2.4642910840819239 
1.8520945680204113 2.4607424053801976 
1.8505956577991873 2.3853219297958490 
1.8481505342263040 2.5531562932301335 
1.8457840420990512 2.5656999758169516 
1.8435555740024614 2.5894585614376444 
1.8406712383669954 2.7106854691346212 
1.8370541004214243 2.7901483269194549 
1.8340441064157145 2.6797126012073389 
1.8311250839354689 2.6630667901784291 
1.8280383885362377 2.6762258000964327 
1.8246600845929177 2.6821837917067861 
1.8217007019956970 2.5994221182231110 
1.8187925576683461 2.5967837539024128 
1.8161322239392126 2.5876893554173108 
1.8129368282080165 2.6674107842592250 
1.8093291028230230 2.7033410989872855 
1.8059998177307937 2.6433827575481295 
1.8031343761393912 2.5865957072841970 
1.7997001329956210 2.6484167293650258 
1.7965150988629537 2.5822525524517772 
1.7931426606482823 2.5563481246160311 
1.7904309130136387 2.4405203799470168 
1.7879073675522879 2.3852008638092297 
1.7854957972923877 2.3529862103171424 
1.7827444505939283 2.3698182180020355 
1.7814333719302362 2.2085363718641862 
1.7787046099961288 2.3782222693368746 
1.7762280447765624 2.3081312333783801 
1.7739306994917157 2.2685276897385807 
1.7722254424967043 2.2091020282531741 
1.7701987240166790 2.2664704471292874 
1.7675066144622584 2.3510408453377276 
1.7653279645397535 2.3086309294534813 
1.7630417538800685 2.3412894290568782 
1.7598240369250511 2.4381085783193748 
1.7568579521839540 2.3705249920311355 
1.7546913148191798 2.2680143781487101 
1.7519262716973458 2.3116546831758193 
1.7499586258278588 2.1953432022290200 
1.7475575943752202 2.1944752734567725 
1.7457316444508666 2.0703534707499114 
1.7441321606842863 2.0046291842818178 
1.7436469697637933 1.8813473718597524 
1.7428739250764957 1.9425541074539729 
1.7416388756454455 2.0090249179021109 
1.7406178613789776 1.9956943105734177 
1.7388500735243799 2.0644905826201523 
1.7373275945642612 2.0153130904000709 
1.7361675676320258 1.9774687109299716 
1.7350631105038661 1.9962958272880635 
1.7338719444078734 2.0302275924527677 
1.7319689284729591 2.0906390642827564 
1.7297214062645518 2.0992535264646377 
1.7283691341363827 2.0070692101470415 
1.7277569785786957 1.9823445250872873 
1.7252892966072229 2.1862935234666714 
1.7231623369117512 2.1285122593008952 
1.7209977632591806 2.1114830765910630 
1.7192803207256038 2.0524457973723509 
1.7177602459941004 2.0392144390442226 
1.7160997146237218 2.0408385740581116 
1.7143836809429143 2.0058727854427940 
1.7121691933051242 1.9931862431088925 
1.7118590949593826 1.7996423895986402 
1.7118056865792297 1.8121154140351452 
1.7108076290018177 1.9270216941589755 
1.7090840097331943 1.9739133382822078 
1.7086347552989758 1.8236144474417733 
1.7073521201418416 1.8693459077950596 
1.7068063945481706 1.7552910296607755 
1.7072139557867239 1.6514586070725910 
1.7070687906832749 1.6899129067162584 
1.7072722285155750 1.6456937686456130 
1.7077934001234572 1.6282436821520536 
1.7083054787966461 1.6566107989738155 
1.7081674039412547 1.7393203630658483 
1.7079825019123784 1.7624357037993563 
1.7077230444843381 1.7909586901112342 
1.7070071198335821 1.8420067411740753 
1.7060502092027257 1.8609056203542924 
1.7052699844875672 1.8401930268632700 
1.7046295752217853 1.8355482387881557 
1.7036739226531945 1.8690757714115509 
1.7029548372951122 1.8564905342344546 
1.7018106211942710 1.8962640304329672 
1.7008653605791000 1.8736043309151464 
1.6996418453272040 1.8886252267600179 
1.6987864496791916 1.8464551637891455 
1.6978977553803705 1.8470300391227050 
1.6970146300345847 1.8433196938055734 
1.6962314293640459 1.8395345356132218 
1.6953384275803345 1.8552492839888433 
1.6944976805434191 1.8587839685512277 
1.6932169909652377 1.8951309336375419 
1.6921991042890319 1.8701329363208812 
1.6910298695988921 1.8863115329275761 
1.6900751061454113 1.8757994600348762 
1.6888044901550592 1.9101399641324066 
1.6874568314041931 1.9117336942989145 
1.6860799537448048 1.9076153369036746 
1.6848054318283430 1.8958878869431941 
1.6839145475202388 1.8692099020995356 
1.6825980897245423 1.8994812782098422 
1.6811703038121291 1.8781373098172200 
1.6800609316759778 1.8177449965799881 
1.6796155869205269 1.7455060055102822 
1.6794241171657833 1.7216357014781130 
1.6789519110942395 1.7420891545347477 
1.6786039365267293 1.7259875098177717 
1.6785539233783102 1.7040563205440924 
1.6781893359905207 1.7359999484593354 
1.6779273573448510 1.7275758431872399 
1.6776734223160672 1.7262045108769533 
1.6770927388972623 1.7418262524147055 
1.6769457629514850 1.7008488016464121 
1.6768620294951513 1.6968655985105234 
1.6767687001031122 1.7007182218331041 
1.6762690230039701 1.7296517532810007 
1.6763983702885754 1.6820060317998680 
1.6761944140749425 1.7181629130542850 
1.6758829640255024 1.7227584100130628 
1.6754860588556648 1.7211987623994571 
1.6753323015255004 1.6940657259655210 
1.6754050706909631 1.6763244401261244 
1.6751611254394398 1.6992550530043460 
